--------------Input--------------
2 3 3 2
1 2 3 4 5 6
7 8 9 10 11 12
--------------Result-------------
58 64 139 154
***************************************
--------------Input--------------
2 2 3 3 
5 6 7 8 
9 0 1 2 3 5 8 2 4
--------------Result-------------
Invalid
***************************************
--------------Input--------------
11 6 6 13
14 34 85 89 38 66 30 12 48 5 10 15 5 33 90 6 88 10 39 98 75 85 34 57 11 96 98 23 82 70 68 20 35 50 52 20 21 51 83 93 34 26 51 30 63 3 95 41 5 84 7 91 53 5 76 16 68 99 52 40 89 70 68 4 30 45
1 64 5 64 73 12 33 72 19 51 32 96 82 1 94 16 64 8 98 98 81 98 65 23 57 66 82 15 35 68 12 77 7 84 50 69 50 15 79 48 73 9 26 88 60 45 57 16 63 68 86 89 96 18 22 35 94 2 65 69 20 58 84 34 54 51 24 47 38 15 47 75 51 62 20 52 31 80
--------------Result-------------
18304 14132 8328 15004 14708 18563 15814 21963 14124 17920 18156 15549 25360 5943 4673 2992 7002 4467 6257 4502 8904 5356 6817 5596 5519 9229 16664 7034 6163 12168 10659 11230 10769 17517 10305 14292 13739 7529 15784 16538 21018 8580 19434 16062 23694 21726 27144 19669 22001 18852 20688 29552 20689 16033 10322 19640 13529 21920 22072 27339 20865 21168 19552 14934 27055 11370 11823 4419 11892 15132 9515 11579 16914 8082 13749 13194 14881 18519 15932 15408 6633 14848 14707 18511 14617 21588 13327 18464 16527 16128 23838 16602 9942 6984 14429 14528 10700 14449 20211 11549 15417 15788 12310 19816 10374 16038 3834 10583 14186 14632 16361 16851 11503 15105 13342 15156 17868 17452 16511 6931 16426 20692 15640 15387 23751 11516 19661 19380 20750 27479 11102 15208 6756 17664 11720 15579 15778 22383 15405 16673 12990 16313 22866
18304 14132 8328 15004 14708 18563 15814 21963 14124 17920 18156 15549 25360 5943 4673 2992 7002 4467 6257 4502 8904 5356 6817 5596 5519 9229 16664 7034 6163 12168 10659 11230 10769 17517 10305 14292 13739 7529 15784 16538 21018 8580 19434 16062 23694 21726 27144 19669 22001 18852 20688 29552 20689 16033 10322 19640 13529 21920 22072 27339 20865 21168 19552 14934 27055 11370 11823 4419 11892 15132 9515 11579 16914 8082 13749 13194 14881 18519 15932 15408 6633 14848 14707 18511 14617 21588 13327 18464 16527 16128 23838 16602 9942 6984 14429 14528 10700 14449 20211 11549 15417 15788 12310 19816 10374 16038 3834 10583 14186 14632 16361 16851 11503 15105 13342 15156 17868 17452 16511 6931 16426 20692 15640 15387 23751 11516 19661 19380 20750 27479 11102 15208 6756 17664 11720 15579 15778 22383 15405 16673 12990 16313 22866
